VC
130.2444
130.2574
130.2696
130.2841
130.2894
130.3032
130.3169
130.3355
130.3489
130.358
130.3792
130.394
130.4073
130.4205
130.432
130.4455
130.4532
130.4694
130.4823
130.4956
130.5088
130.5203
130.5331
130.5465
130.5601
130.5731
130.5865
130.5999
130.6144
130.6284
130.6415
130.6566
130.6747
130.688
130.7013
130.7122
130.7259
130.7403
130.7544
130.7665
130.7797
130.7929
130.805
130.8184
130.8323
130.8459
130.86
130.8732
130.8863
130.8982
130.9117
130.9243
130.9385
130.9499
130.9632
130.9765
130.9915
131.0058
131.0198
131.0336
131.0472
131.0608
131.0743
131.0865
131.1006
131.1137
131.1303
131.1416
131.1553
131.1689
131.1827
131.1976
131.2149
131.2287
131.2401
131.2537
131.2673
131.2811
131.2959
131.309
131.3205
131.3369
131.3501
131.3633
131.3808
131.3968
131.411
131.4237
131.4376
131.4505
131.4633
131.4759
131.489
131.5021
131.5178
131.5315
131.5446
131.5577
131.5716
131.5853
131.5969
131.61
131.6231
131.6362
131.6494
131.6642
131.676
131.6934
131.7059
131.7208
131.7339
131.747
131.7592
131.7745
131.7886
131.801
131.8134
131.8266
131.8398
131.853
131.8673
131.8797
131.8935
131.9069
131.92
131.9331
131.9451
131.959
131.9732
131.9795
132.0086
132.0219
132.0352
132.0541
132.0667
132.0794
132.0893
132.1052
132.1183
132.1314
132.1427
132.1559
132.1685
132.1773
132.191
132.2038
132.2167
132.2296
132.2425
132.2583
132.2704
132.2836
132.2959
132.3082
132.3206
132.334
132.3464
132.3595
132.3717
132.3842
132.3967
132.4085
132.4225
132.4341
132.4471
132.4601
132.4724
132.4847
132.4976
132.5104
132.5225
132.5349
132.5473
132.5597
132.5722
132.5843
132.5969
132.6094
132.622
132.6342
132.6467
132.6592
132.6718
132.6845
132.6964
132.7114
132.7219
132.7346
132.7472
132.7602
132.7732
132.7853
132.7992
132.8125
132.8251
132.8377
132.8514
132.864
132.8769
132.8906
132.9042
132.9167
132.9292
132.9418
132.9541
132.9676
132.9798
132.992
133.0041
133.0162
133.0299
133.0429
133.0559
133.0709
133.0842
133.0962
133.1081
133.1207
133.1329
133.1463
133.1586
133.169
133.1812
133.1932
133.2032
133.2174
133.2282
133.2446
133.2537
133.2661
133.2786
133.2911
133.3038
133.3195
133.3364
133.3502
133.3616
133.3729
133.3855
133.3988
133.4098
133.4226
133.432
133.4429
133.4538
133.4648
133.476
133.4856
133.4971
133.5095
133.5195
133.5296
133.5416
133.5527
133.5625
133.5719
133.5835
133.5939
133.6042
133.6149
133.6257
133.6351
133.6461
133.6562
133.6666
133.677
133.6873
133.6979
133.7066
133.7158
133.7266
133.7367
133.7468
133.7574
133.7673
133.7766
133.7866
133.7965
133.8061
133.8158
133.8257
133.8356
133.846
133.8561
133.8656
133.8758
133.8859
133.8962
133.9057
133.9155
133.9253
133.9347
133.9443
133.9539
133.9643
133.9738
133.9834
133.9927
134.0027
134.0124
134.0221
134.0313
134.0409
134.0504
134.0606
134.0703
134.08
134.0896
134.0997
134.1097
134.1193
134.129
134.1428
134.1524
134.162
134.1719
134.1817
134.1914
134.2013
134.2106
134.2202
134.2298
134.2397
134.2493
134.2591
134.2689
134.2787
134.2883
134.298
134.3082
134.318
134.3282
134.3379
134.3479
134.3576
134.3672
134.3776
134.3872
134.3967
134.4074
134.4174
134.4274
134.4375
134.4481
134.4595
134.4696
134.4809
134.4936
134.5037
134.5138
134.5259
134.5325
134.5447
134.5549
134.5658
134.5759
134.5859
134.5959
134.6066
134.6148
134.6278
134.6376
134.6477
134.6577
