T6P
31.5
26
26.3
26.4
24.6
25.2
28
32.8
32.6
32.9
28.5
33.7
27.6
26.3
25.1
26.5
23.7
24.8
22.4
23.7
26.2
24.1
28.7
27.1
28.4
31.7
31.9
26.4
31.5
32.8
33.7
35.1
32.6
30.3
29.9
32.9
30.3
28.8
30.6
32.9
35
27.4
28.8
27.9
32.3
26.9
28.6
30.3
29.7
31.9
31.2
30.2
31.7
31.3
31.5
25.3
31.9
31.3
31.3
22.9
23.1
27.3
32.1
33.4
29
30.3
29.6
29.3
31.3
33.2
30.4
27.9
25.6
26.4
27.1
24.8
25.6
27.6
27
26.8
28.8
32.9
28.7
26.4
28
27.5
31.2
31.2
29.1
28.7
29.1
