TC
3.474
3.482
3.487
3.504
3.457
3.446
3.48
3.504
3.489
3.485
3.48
3.484
3.499
3.525
3.522
3.522
3.523
3.516
3.553
3.6
3.532
3.507
3.491
3.488
3.458
3.437
3.438
3.46
3.475
3.456
3.442
3.45
3.479
3.535
3.568
3.615
3.614
3.585
3.522
3.497
3.481
3.479
3.466
3.479
3.478
3.472
3.479
3.479
3.475
3.474
3.475
3.467
3.48
3.464
3.467
3.485
3.476
3.448
3.398
3.354
3.318
3.309
3.285
3.27
3.256
3.257
3.252
3.256
3.253
3.253
3.257
3.303
3.377
3.373
3.423
3.403
3.291
3.337
3.336
3.282
3.263
3.246
3.233
3.245
3.239
3.221
3.211
3.196
3.191
3.188
3.181
3.167
3.171
3.164
3.16
3.142
3.018
2.999
2.986
2.953
2.903
2.81
2.747
2.814
2.897
2.862
2.887
2.971
3.084
3.094
3.11
3.157
3.231
3.185
3.094
2.991
2.985
3.01
2.96
2.914
2.866
2.879
2.876
2.862
2.852
2.836
2.839
2.846
2.841
2.822
2.806
2.791
2.789
2.802
2.817
2.796
2.767
2.776
2.817
2.788
2.769
2.746
2.736
2.738
2.739
2.706
2.695
2.694
2.682
2.672
2.661
2.663
2.672
2.64
2.619
2.6
2.584
2.601
2.57
2.55
2.574
2.595
2.599
2.643
2.752
2.784
2.809
2.789
2.773
2.799
2.793
2.814
2.818
2.808
2.802
2.793
2.791
2.79
2.812
2.863
2.912
2.932
2.962
3.014
3.086
3.1
3.127
3.154
3.164
3.186
3.254
3.224
3.247
3.338
3.383
3.445
3.508
3.414
3.306
3.326
3.323
3.295
3.331
3.383
3.389
3.399
3.401
3.351
3.262
3.263
3.246
3.269
3.272
3.253
3.245
3.247
3.254
